608.2429360715668
326.76369382858917
299.35089809896454
267.59365730817996
233.14335329955875
216.2564247296753
196.76264556894185
182.43643133479776
165.61927330533643
150.2664429853073
137.05625593062908
127.70359830002458
116.62983093128872
107.4863644733278
98.03687677367824
92.04931756905806
85.37711170248589
78.76642948279121
73.87811220094561
68.34016407260349
64.40671946979823
60.97262341991304
55.661587808472696
52.33619195846155
49.36772152955979
47.75084937114243
43.32617727622171
41.263900337081715
37.62905738208535
38.22724962023007
34.23860644945419
32.508514113134446
29.943262776268632
27.03558238759458
25.656626729640426
25.309212581691582
23.125940402066245
23.121039020717866
19.707674241024296
18.225092041467164
16.48768148089188
18.259325744066533
16.086461310973274
15.103726759695741
13.625987805695894
13.085529702455405
12.389482303266044
11.140247462844401
10.960125820034673
9.682730377155485
9.628227920115831
9.162922395626172
8.367444404640327
7.989170100301275
8.19714612198673
7.450219609195125
6.725670061537774
7.038337631289094
6.673252236968421
6.410928577924864
5.870697032678703
5.516981793969636
5.320051571945107
5.207808075892649
5.244098957480869
4.6935276997986195
4.464225211353894
4.810862120909266
4.488556979162802
4.53486538128389
4.206843351510944
4.24467911313784
4.033580545059898
3.9399915616765813
3.8924236257205425
3.5964775832610054
3.5417870247389542
3.493486697653672
3.2555671697458815
3.463334218618452
3.3558265544383463
3.199608364363484
3.02900846027233
3.0506478527941563
3.1330179277947976
2.939634238025492
3.0466402044996896
2.8201746239448746
2.861555899088274
2.766877781871948
2.563131653859317
2.6140105571599133
2.527835381165524
2.695316058162962
2.5657321292355744
2.5357795614484204
2.707084441202949
2.4747866277051545
2.4962843595598834
2.391378012585345
2.3532850355875374
2.3889735364274434
2.2657688792379056
2.3392690914038705
2.248266580876404
2.245935729256204
2.265330361747203
2.252716429182852
2.2966874792121232
2.236161915226146
2.307133215982301
2.2718432647413365
2.171407207304492
2.1923158695837524
2.189316707426627
2.1155804274234153
2.0479041542881204
2.0827165733922923
2.0765145907100266
2.116545267257078
2.0942507036762095
2.0613834892162974
2.0010393317384496
2.1139808945017657
2.0615352002486893
1.9487543058791101
2.039390805500763
2.0471147112808024
2.001169230852676
2.016899465318217
1.997416441683309
1.9954949848330399
1.9093924038917816
1.9737471678400798
1.9597623228598438
1.873526147290369
1.9013684814284415
1.9862447158233878
1.9555144422274855
1.8964711039267586
1.8146981339291606
1.8866245866401046
1.8126552202061557
1.808439896292655
1.8692905538349398
1.8572973849642394
1.9147165211661175
1.85808488342887
1.877496137418446
1.8184835413670688
1.833410329262605
1.8335909255807985
1.7928559817995353
1.9117924813237932
1.8206697620611576
1.8613713235129075
1.793010233067386
1.826522095319303
1.7421368459654658
1.7638335608929219
1.8165914835377401
1.72336354726856
1.8082283603090048
1.7931002684057251
1.7648583200377757
1.8670310197248705
1.6713976593414195
1.7267519819473394
1.7333679795588826
1.7695358856188563
1.7529822403189894
1.7872195856096968
1.8718999884588199
1.704824640813975
1.7455137358364794
1.7043957275027017
1.7219756460459277
1.6808864026532853
1.7416885793030359
1.7016700209162297
1.6867095682912994
1.7118645404735486
1.6962255105101325
1.806920941195229
1.7638616465591261
1.7411342247670254
1.6780608902354226
1.6997767750232053
1.7006558049988014
1.720989611487494
1.7056542655536753
1.6503347455754442
1.7210263913275607
1.8446803350580476
1.7981070442366247
1.7773698195513052
1.684616830553549
1.6372337617739636
1.6662378716513597
1.728405829115957
